CCTK_REAL omegaSRJ[] = {
5098.06,
0.62365,
0.62365,
2.67591,
0.62365,
0.62365,
0.62365,
2.67591,
2.67591,
0.62365,
0.62365,
19.1063,
0.62365,
0.62365,
0.62365,
2.67591,
0.62365,
2.67591,
0.62365,
2.67591,
0.62365,
19.1063,
0.62365,
0.62365,
0.62365,
0.62365,
2.67591,
19.1063,
0.62365,
0.62365,
0.62365,
0.62365,
146.886,
0.62365,
0.62365,
0.62365,
0.62365,
2.67591,
2.67591,
0.62365,
2.67591,
0.62365,
2.67591,
0.62365,
2.67591,
0.62365,
2.67591,
0.62365,
0.62365,
19.1063,
0.62365,
0.62365,
2.67591,
0.62365,
0.62365,
19.1063,
0.62365,
0.62365,
0.62365,
2.67591,
0.62365,
19.1063,
0.62365,
0.62365,
0.62365,
0.62365,
2.67591,
146.886,
0.62365,
0.62365,
0.62365,
0.62365,
2.67591,
0.62365,
2.67591,
0.62365,
2.67591,
0.62365,
2.67591,
2.67591,
0.62365,
0.62365,
2.67591,
0.62365,
19.1063,
0.62365,
0.62365,
0.62365,
146.886,
0.62365,
0.62365,
0.62365,
2.67591,
0.62365,
2.67591,
0.62365,
2.67591,
0.62365,
2.67591,
0.62365,
0.62365,
2.67591,
0.62365,
2.67591,
0.62365,
19.1063,
0.62365,
0.62365,
0.62365,
1070.77,
0.62365,
0.62365,
2.67591,
0.62365,
0.62365,
2.67591,
0.62365,
2.67591,
0.62365,
2.67591,
0.62365,
0.62365,
2.67591,
0.62365,
19.1063,
0.62365,
0.62365,
0.62365,
2.67591,
0.62365,
19.1063,
0.62365,
0.62365,
0.62365,
2.67591,
0.62365,
19.1063,
0.62365,
0.62365,
0.62365,
2.67591,
0.62365,
19.1063,
0.62365,
0.62365,
0.62365,
0.62365,
2.67591,
0.62365,
19.1063,
0.62365,
0.62365,
0.62365,
0.62365,
2.67591,
19.1063,
0.62365,
0.62365,
0.62365,
0.62365,
2.67591,
0.62365,
146.886,
0.62365,
0.62365,
0.62365,
2.67591,
0.62365,
2.67591,
0.62365,
2.67591,
0.62365,
2.67591,
0.62365,
2.67591,
0.62365,
2.67591,
19.1063,
0.62365,
0.62365,
0.62365,
0.62365,
146.886,
0.62365,
0.62365,
0.62365,
0.62365,
2.67591,
2.67591,
0.62365,
2.67591,
0.62365,
2.67591,
0.62365,
2.67591,
0.62365,
2.67591,
0.62365,
0.62365,
19.1063,
0.62365,
0.62365,
0.62365,
2.67591,
146.886,
0.62365,
0.62365,
0.62365,
0.62365,
2.67591,
2.67591,
0.62365,
0.62365,
2.67591,
0.62365,
2.67591,
0.62365,
2.67591,
0.62365,
0.62365,
2.67591,
0.62365,
19.1063,
0.62365,
0.62365,
0.62365,
146.886,
0.62365,
0.62365,
2.67591,
0.62365,
2.67591,
0.62365,
0.62365,
2.67591,
0.62365,
2.67591,
0.62365,
0.62365,
2.67591,
0.62365,
2.67591,
0.62365,
1070.77,
0.62365,
0.62365,
0.62365,
2.67591,
0.62365,
2.67591,
0.62365,
2.67591,
0.62365,
0.62365,
2.67591,
0.62365,
19.1063,
0.62365,
0.62365,
0.62365,
2.67591,
0.62365,
19.1063,
0.62365,
0.62365,
0.62365,
2.67591,
0.62365,
2.67591,
0.62365,
19.1063,
0.62365,
0.62365,
0.62365,
2.67591,
0.62365,
19.1063,
0.62365,
0.62365,
0.62365,
2.67591,
0.62365,
19.1063,
0.62365,
0.62365,
0.62365,
2.67591,
0.62365,
19.1063,
0.62365,
0.62365,
0.62365,
2.67591,
0.62365,
146.886,
0.62365,
0.62365,
0.62365,
2.67591,
0.62365,
2.67591,
0.62365,
2.67591,
0.62365,
0.62365,
2.67591,
0.62365,
2.67591,
0.62365,
19.1063,
0.62365,
0.62365,
0.62365,
2.67591,
0.62365,
19.1063,
0.62365,
0.62365,
0.62365,
19.1063,
0.62365,
0.62365,
0.62365,
0.62365,
19.1063,
0.62365,
0.62365,
0.62365,
0.62365,
19.1063,
0.62365,
0.62365,
0.62365,
0.62365,
2.67591,
2.67591,
2.67591,
2.67591,
2.67591,
0.62365,
2.67591,
0.62365,
2.67591,
0.62365,
2.67591,
0.62365,
2.67591,
0.62365,
2.67591,
0.62365,
0.62365,
0.62365,
0.62365,
0.62365,
0.62365,
0.62365
};
