CCTK_REAL omegaSRJ[] = {
354.762,
0.576323,
1.53177,
0.576323,
1.53177,
0.576323,
6.40284,
0.576323,
0.576323,
1.53177,
6.40284,
0.576323,
0.576323,
29.5834,
0.576323,
0.576323,
1.53177,
0.576323,
1.53177,
1.53177,
0.576323,
6.40284,
0.576323,
1.53177,
0.576323,
29.5834,
0.576323,
1.53177,
0.576323,
1.53177,
0.576323,
1.53177,
126.248,
0.576323,
1.53177,
0.576323,
1.53177,
0.576323,
6.40284,
0.576323,
0.576323,
6.40284,
0.576323,
1.53177,
0.576323,
6.40284,
0.576323,
0.576323,
6.40284,
0.576323,
0.576323,
29.5834,
0.576323,
0.576323,
1.53177,
1.53177,
1.53177,
0.576323,
1.53177,
29.5834,
0.576323,
0.576323,
1.53177,
1.53177,
0.576323,
1.53177,
0.576323,
6.40284,
0.576323,
126.248,
0.576323,
1.53177,
0.576323,
1.53177,
0.576323,
1.53177,
6.40284,
0.576323,
0.576323,
6.40284,
0.576323,
0.576323,
1.53177,
0.576323
};
