CCTK_REAL omegaSRJ[] = {
1349.25,
0.59895,
0.59895,
2.01538,
0.59895,
2.01538,
0.59895,
11.0483,
0.59895,
0.59895,
0.59895,
2.01538,
2.01538,
0.59895,
11.0483,
0.59895,
0.59895,
0.59895,
2.01538,
66.1485,
0.59895,
0.59895,
0.59895,
2.01538,
2.01538,
0.59895,
2.01538,
0.59895,
2.01538,
0.59895,
11.0483,
0.59895,
0.59895,
2.01538,
0.59895,
11.0483,
0.59895,
0.59895,
11.0483,
0.59895,
0.59895,
0.59895,
66.1485,
0.59895,
0.59895,
0.59895,
2.01538,
2.01538,
0.59895,
2.01538,
2.01538,
0.59895,
2.01538,
0.59895,
370.523,
0.59895,
0.59895,
2.01538,
0.59895,
2.01538,
0.59895,
2.01538,
0.59895,
11.0483,
0.59895,
0.59895,
2.01538,
0.59895,
11.0483,
0.59895,
0.59895,
11.0483,
0.59895,
0.59895,
0.59895,
2.01538,
11.0483,
0.59895,
0.59895,
0.59895,
2.01538,
11.0483,
0.59895,
0.59895,
0.59895,
66.1485,
0.59895,
0.59895,
0.59895,
2.01538,
0.59895,
2.01538,
2.01538,
0.59895,
2.01538,
370.523,
0.59895,
0.59895,
0.59895,
2.01538,
2.01538,
0.59895,
2.01538,
0.59895,
2.01538,
11.0483,
0.59895,
0.59895,
0.59895,
11.0483,
0.59895,
0.59895,
0.59895,
2.01538,
11.0483,
0.59895,
0.59895,
0.59895,
11.0483,
0.59895,
0.59895,
0.59895,
2.01538,
66.1485,
0.59895,
0.59895,
0.59895,
2.01538,
0.59895,
2.01538,
2.01538,
0.59895,
66.1485,
0.59895,
0.59895,
2.01538,
0.59895,
2.01538,
2.01538,
0.59895,
2.01538,
66.1485,
0.59895,
0.59895,
0.59895,
2.01538,
2.01538,
0.59895,
2.01538,
0.59895,
2.01538,
0.59895,
11.0483,
0.59895,
0.59895,
11.0483,
0.59895,
0.59895,
11.0483,
0.59895,
0.59895,
0.59895,
2.01538,
2.01538,
2.01538,
0.59895,
2.01538,
0.59895,
0.59895
};
